Method,Run,Iteration,RMSE,Fitness,Time_ms,Trans_Error_m,Rot_Error_deg,P2P_RMSE,Chamfer_Distance,dx_wx,dx_wy,dx_wz,dx_x,dx_y,dx_z,grad_wx,grad_wy,grad_wz,grad_x,grad_y,grad_z,objective_value,T_00,T_01,T_02,T_03,T_10,T_11,T_12,T_13,T_20,T_21,T_22,T_23,T_30,T_31,T_32,T_33,Cond_Schur_Rot,Cond_Schur_Trans,Cond_Sub_Rot,Cond_Sub_Trans,Cond_Full_SVD,Degenerate_0,Degenerate_1,Degenerate_2,Degenerate_3,Degenerate_4,Degenerate_5,Is_Degenerate
FCN-SR,0,0,0.31669773,0.05170590,9.38083400,1.91178129,0.96437649,0.00972164,0.76974483,-0.00143275,-0.00549564,-0.00174734,-0.00034987,0.00011033,0.00000561,-11.53098942,58.00713490,10.00087886,4.90875050,1.81945118,0.28048504,3.71012454,0.99944345,-0.03314869,-0.00373602,0.19964650,0.03314729,0.99945038,-0.00043842,0.80009804,0.00374850,0.00031433,0.99999292,0.50000642,0.00000000,0.00000000,0.00000000,1.00000000,7.09889815,26.80557587,13.65817741,85.29248112,14845.67227786,1,1,1,1,0,0,1
FCN-SR,0,1,0.30927616,0.06056599,3.08713800,2.89617938,0.96336666,0.01874004,0.81372054,0.03150344,-0.01237348,0.00261072,-0.00198644,-0.00116576,0.00080401,-26.58300058,58.65789994,3.79042564,4.95766969,3.44093513,0.22354285,4.48016415,0.99923710,-0.03605329,-0.01501237,0.19769681,0.03555320,0.99884428,-0.03234309,0.79886672,0.01616109,0.03178468,0.99936407,0.50080261,0.00000000,0.00000000,0.00000000,1.00000000,7.86318240,29.77604976,9.53178841,38.98028323,12511.35022448,1,1,1,0,0,0,1
FCN-SR,0,2,0.25078158,0.06056599,3.60039800,3.58342231,0.96264126,0.02285930,0.90792434,0.01969999,0.00196127,-0.00349380,0.00021974,-0.00088912,-0.00007024,-132.01448645,-11.30692794,9.85876823,0.60836140,9.94820478,-0.28825822,3.73866187,0.99938430,-0.03283155,-0.01237385,0.19794949,0.03214723,0.99813226,-0.05194757,0.79798872,0.01405626,0.05151780,0.99857315,0.50070771,0.00000000,0.00000000,0.00000000,1.00000000,4.69206279,26.02769852,5.91480015,44.19115256,15213.83310348,1,1,1,0,0,0,1
FCN-SR,0,3,0.20226536,0.05831791,1.27209800,3.66258045,0.96255304,0.02312043,0.91792430,0.00140554,-0.00088929,0.00004485,-0.00005921,-0.00008897,0.00000286,-19.40422680,14.22423145,0.92766160,2.02699388,5.28201245,-0.30836140,2.79739572,0.99937145,-0.03289435,-0.01321639,0.19789320,0.03214516,0.99805680,-0.05337902,0.79789786,0.01494658,0.05292062,0.99848686,0.50070515,0.00000000,0.00000000,0.00000000,1.00000000,6.24066429,21.34723700,16.00420337,47.17326136,13174.64735246,1,1,1,1,0,0,1
FCN-SR,0,4,0.19735354,0.05964031,1.60573500,3.70440458,0.96250674,0.02294889,0.92336861,0.00083325,-0.00012081,0.00001705,-0.00000936,-0.00005254,0.00000106,-12.12362885,1.84745602,4.06429390,1.33810977,4.88658803,-0.30887321,2.84773379,0.99936928,-0.03292245,-0.01330970,0.19788556,0.03215568,0.99801142,-0.05421451,0.79784506,0.01506811,0.05375234,0.99844060,0.50070329,0.00000000,0.00000000,0.00000000,1.00000000,5.33563353,20.86360318,11.75286680,48.01104021,12343.15208729,1,1,1,1,0,0,1
FCN-SR,0,5,0.20157618,0.05924359,1.38900100,3.73107825,0.96247695,0.02313002,0.92685798,0.00052690,-0.00008710,0.00001120,-0.00000676,-0.00003360,0.00000072,-7.32135737,1.05029846,4.03445943,1.23098105,4.82704412,-0.32649597,2.97550475,0.99936775,-0.03294067,-0.01337940,0.19787991,0.03216211,0.99798236,-0.05474316,0.79781127,0.01515568,0.05427824,0.99841083,0.50070210,0.00000000,0.00000000,0.00000000,1.00000000,5.47936971,20.94281950,11.40552594,46.50047177,11903.83844466,1,1,1,1,0,0,1
FCN-SR,0,6,0.19788037,0.05897911,1.27774100,3.74681853,0.96245868,0.02318486,0.92887635,0.00024477,-0.00029574,0.00000856,-0.00001989,-0.00001639,0.00000088,-3.09280318,4.85634134,4.19130990,1.57442828,4.51209873,-0.32478979,2.92315104,0.99936347,-0.03295253,-0.01366689,0.19786056,0.03215442,0.99796865,-0.05499695,0.79779422,0.01545142,0.05452249,0.99839298,0.50070178,0.00000000,0.00000000,0.00000000,1.00000000,5.62010867,21.13199225,11.69448941,47.44393886,12068.90589468,1,1,1,1,0,0,1
FCN-SR,0,7,0.19839565,0.05884687,1.26052000,3.75508557,0.96244906,0.02316085,0.92994380,0.00012804,-0.00015569,0.00000432,-0.00001052,-0.00000861,0.00000047,-1.49075563,2.52834681,4.27599755,1.47670748,4.46865323,-0.32585537,2.95743774,0.99936119,-0.03295861,-0.01381826,0.19785032,0.03215016,0.99796146,-0.05512973,0.79778527,0.01560709,0.05465026,0.99838358,0.50070162,0.00000000,0.00000000,0.00000000,1.00000000,5.61351282,20.86995845,11.71218441,47.04710457,11803.70842019,1,1,1,1,0,0,1
FCN-SR,0,8,0.19804085,0.05831791,1.28373900,3.76210528,0.96244117,0.02279017,0.93086967,0.00014152,-0.00001179,0.00000245,-0.00000114,-0.00000908,0.00000018,-1.78063720,0.04692309,4.26318495,1.19227628,4.40316168,-0.31961881,2.92510633,0.99936094,-0.03296301,-0.01382539,0.19784948,0.03215196,0.99795357,-0.05527134,0.79777616,0.01561900,0.05479151,0.99837565,0.50070129,0.00000000,0.00000000,0.00000000,1.00000000,5.74652033,20.91602637,11.71983230,46.82112917,11773.58316026,1,1,1,1,0,0,1
FCN-SR,0,9,0.19663789,0.05805343,1.20339300,3.76432483,0.96243853,0.02301901,0.93115113,0.00002855,-0.00006270,0.00000140,-0.00000419,-0.00000201,0.00000016,-0.14092402,1.01841483,4.22977009,1.24573310,4.22976401,-0.31356380,2.87629516,0.99936003,-0.03296481,-0.01388711,0.19784536,0.03214989,0.99795195,-0.05530185,0.79777401,0.01568168,0.05481999,0.99837310,0.50070127,0.00000000,0.00000000,0.00000000,1.00000000,5.79526853,20.88771928,11.72648689,46.67566248,11779.53064117,1,1,1,1,0,0,1
FCN-SR,0,10,0.19579032,0.05778894,1.10200500,3.76442445,0.96243846,0.02301644,0.93116791,0.00000709,0.00001834,-0.00000017,0.00000118,-0.00000040,-0.00000003,0.08995178,-0.33807641,4.13748379,1.04988892,4.19634500,-0.30992116,2.83944239,0.99936029,-0.03296474,-0.01386855,0.19784655,0.03215074,0.99795156,-0.05530834,0.79777365,0.01566336,0.05482708,0.99837300,0.50070124,0.00000000,0.00000000,0.00000000,1.00000000,5.79728291,20.65034958,11.72511546,46.23012216,11734.32624954,1,1,1,1,0,0,1
FCN-SR,0,11,0.19578043,0.05778894,1.35358000,3.76449706,0.96243839,0.02301578,0.93117814,0.00000240,0.00000328,-0.00000001,0.00000021,-0.00000014,-0.00000000,0.16937570,-0.07703590,4.15303207,1.06698250,4.19157152,-0.30975865,2.83926001,0.99936034,-0.03296476,-0.01386519,0.19784676,0.03215090,0.99795143,-0.05531063,0.79777352,0.01566009,0.05482947,0.99837292,0.50070123,0.00000000,0.00000000,0.00000000,1.00000000,5.79572177,20.66543481,11.72590133,46.26898435,11744.00479504,1,1,1,1,0,0,1
ME-SR,0,0,0.31669773,0.05170590,0.69976700,2.78458174,0.96283652,0.01976225,0.81960468,0.03442339,-0.01392616,-0.00476344,-0.00037672,-0.00207184,0.00050906,-11.53098942,58.00713490,10.00087886,4.90875050,1.81945118,0.28048504,3.71012454,0.99948061,-0.03029324,-0.01099259,0.19969673,0.02987342,0.99888587,-0.03653215,0.79791542,0.01208702,0.03618479,0.99927202,0.50050610,0.00000000,0.00000000,0.00000000,1.00000000,7.09889815,26.80557587,13.65817741,85.29248112,14845.67227786,1,1,1,0,0,0,1
ME-SR,0,1,0.24785755,0.06307855,0.54508500,3.56162238,0.96206478,0.02246035,0.90738187,0.01472433,-0.00449237,0.00146494,-0.00035249,-0.00078488,-0.00005804,-131.42232480,47.65847849,-5.55924236,5.29122850,11.45097004,-0.44469259,4.10951058,0.99937658,-0.03194892,-0.01502424,0.19936884,0.03113880,0.99819400,-0.05137232,0.79712301,0.01663840,0.05087246,0.99856655,0.50041544,0.00000000,0.00000000,0.00000000,1.00000000,3.19575513,30.15977711,12.77270215,44.19765333,17953.74575610,1,1,1,0,0,0,1
ME-SR,0,2,0.19885737,0.05818567,0.54963800,3.59595349,0.96200700,0.02224916,0.91586748,0.00187032,0.00123315,-0.00133422,0.00005544,-0.00009122,0.00001283,-32.91981942,-25.05995513,0.97232467,-0.10422583,5.76735844,-0.29522738,2.70187622,0.99943606,-0.03064238,-0.01373329,0.19942697,0.02987150,0.99813691,-0.05320159,0.79703302,0.01533793,0.05276135,0.99848935,0.50042454,0.00000000,0.00000000,0.00000000,1.00000000,5.16283588,32.04011182,16.99926241,42.62770361,19223.80379024,1,1,1,0,0,0,1
ME-SR,0,3,0.20026495,0.05897911,0.55873200,3.57508179,0.96199491,0.02187430,0.91770435,0.00052944,0.00022877,-0.00161886,-0.00001354,-0.00002035,0.00001780,-8.19467924,-4.66548394,1.37014033,0.90337020,4.68663644,-0.38935310,2.79271736,0.99948748,-0.02903159,-0.01348885,0.19941381,0.02826787,0.99815566,-0.05372340,0.79701136,0.01502365,0.05331456,0.99846475,0.50044102,0.00000000,0.00000000,0.00000000,1.00000000,4.60936158,31.24054971,19.25052709,46.07748378,19477.07663267,1,1,1,0,0,0,1
ME-SR,0,4,0.20033108,0.05765670,0.62379100,3.54744828,0.96195925,0.02377058,0.92132926,0.00065467,-0.00069211,-0.00276184,-0.00011781,-0.00002515,0.00002916,-7.45218707,10.17354995,2.67778492,2.03320314,4.16492921,-0.34735618,2.66050492,0.99955429,-0.02628013,-0.01416252,0.19929640,0.02547365,0.99819448,-0.05439547,0.79698137,0.01556647,0.05401046,0.99841903,0.50046703,0.00000000,0.00000000,0.00000000,1.00000000,4.02322156,27.76012188,17.68147835,42.23066408,18212.93150257,1,1,1,0,0,0,1
ME-SR,0,5,0.20868641,0.05805343,0.58171200,3.61942138,0.96189962,0.02323970,0.92785663,0.00086209,-0.00014527,0.00110652,-0.00001662,-0.00005970,-0.00001057,-11.72402327,0.63604601,-2.67904302,1.64617900,4.12041927,-0.17592167,2.92234598,0.99952253,-0.02739840,-0.01428459,0.19928151,0.02657017,0.99811842,-0.05525975,0.79692193,0.01577174,0.05485382,0.99836983,0.50045299,0.00000000,0.00000000,0.00000000,1.00000000,3.73720750,39.46243835,7.60528452,53.31859476,23157.18979684,1,1,1,0,0,0,1
ME-SR,0,6,0.20535565,0.05871463,0.58529400,3.62497215,0.96188936,0.02453688,0.92991928,0.00041773,0.00025857,-0.00049041,0.00000937,-0.00001702,0.00000420,-5.63118066,-4.91528740,0.62922512,1.09452297,4.09927445,-0.21433564,2.97082816,0.99953950,-0.02691413,-0.01401479,0.19929128,0.02609503,0.99810817,-0.05566989,0.79690496,0.01548658,0.05527854,0.99835086,0.50045640,0.00000000,0.00000000,0.00000000,1.00000000,4.58062499,37.30481237,11.74854899,55.03313512,23405.57706749,1,1,1,0,0,0,1
ME-SR,0,7,0.20797313,0.05792118,0.66845600,3.73912105,0.96179041,0.02335416,0.93766865,0.00090717,-0.00018383,0.00267524,-0.00000439,-0.00010598,-0.00001660,-11.27492682,1.63777056,-3.98234564,1.66588300,4.00638386,-0.03839145,2.94730352,0.99946132,-0.02960082,-0.01417289,0.19928998,0.02875472,0.99798388,-0.05658033,0.79679998,0.01581914,0.05614231,0.99829745,0.50043390,0.00000000,0.00000000,0.00000000,1.00000000,4.60035231,30.76477792,10.46083647,51.58645091,18043.74095601,1,1,1,0,0,0,1
ME-SR,0,8,0.20560860,0.05845015,0.69862200,3.73808840,0.96182104,0.02306997,0.93184086,-0.00101108,0.00033778,0.00199856,0.00006543,0.00002886,-0.00002034,14.05274880,-4.35834537,-1.42301704,0.99283701,3.63239387,-0.36130000,3.04502763,0.99940491,-0.03158407,-0.01386624,0.19935480,0.03076819,0.99798110,-0.05556123,0.79683182,0.01559310,0.05510153,0.99835899,0.50041625,0.00000000,0.00000000,0.00000000,1.00000000,5.29378822,30.36473772,21.29922278,45.39878145,18507.00046201,1,1,1,0,0,0,1
ME-SR,0,9,0.19845087,0.05924359,0.55889300,3.72831684,0.96183333,0.02302858,0.92998915,-0.00031008,-0.00002705,0.00017929,0.00000186,0.00001512,-0.00000210,5.04768798,0.72702544,-0.06064627,1.08320144,4.05339212,-0.34541974,2.92493281,0.99939886,-0.03175895,-0.01390310,0.19935621,0.03094563,0.99799274,-0.05525262,0.79684708,0.01562995,0.05478916,0.99837561,0.50041501,0.00000000,0.00000000,0.00000000,1.00000000,5.82476209,30.88741096,17.22297907,41.50757760,18050.72918488,1,1,1,0,0,0,1
ME-SR,0,10,0.19673312,0.05937583,0.54297500,3.67342598,0.96187235,0.02246183,0.92725945,-0.00024027,0.00007899,-0.00155293,-0.00001998,0.00004083,0.00001951,4.35909711,-1.34373309,1.73744766,1.01624904,4.07769613,-0.33784631,2.92246422,0.99944806,-0.03020359,-0.01383159,0.19933468,0.02940012,0.99805285,-0.05501044,0.79688613,0.01546617,0.05457342,0.99838997,0.50043642,0.00000000,0.00000000,0.00000000,1.00000000,5.50299065,30.75643019,16.61631329,41.89442767,17900.34158352,1,1,1,0,0,0,1
ME-SR,0,11,0.20020115,0.05818567,0.54273900,3.70155989,0.96185878,0.02288378,0.92821951,0.00001442,-0.00012334,0.00095693,0.00000661,-0.00001167,-0.00001116,-0.04325440,1.78702445,-0.75396552,1.29701986,4.04208671,-0.26812755,2.87209398,0.99941699,-0.03116018,-0.01395443,0.19934179,0.03034839,0.99802347,-0.05502851,0.79687529,0.01564154,0.05457294,0.99838727,0.50042474,0.00000000,0.00000000,0.00000000,1.00000000,5.39041494,30.03663969,21.16318348,40.38639599,18530.50777227,1,1,1,0,0,0,1
ME-SR,0,12,0.19706568,0.05858239,0.54889300,3.64875350,0.96189191,0.02255807,0.92585040,-0.00019166,-0.00000673,-0.00162619,-0.00002415,0.00003381,0.00002175,3.69452691,-0.00325971,1.84189301,1.19752572,3.94694426,-0.31885938,2.83801960,0.99946624,-0.02953222,-0.01396696,0.19931630,0.02872500,0.99808203,-0.05483743,0.79690711,0.01555965,0.05440695,0.99839761,0.50044792,0.00000000,0.00000000,0.00000000,1.00000000,5.00291722,28.98521229,15.98711335,40.21921464,18092.38548566,1,1,1,0,0,0,1
ME-SR,0,13,0.19897482,0.05884687,0.56864800,3.67732716,0.96188932,0.02268033,0.92503930,-0.00029216,0.00005427,0.00162254,0.00003747,-0.00000493,-0.00001562,4.31634902,-0.50375697,-1.34337280,1.24723238,3.98956057,-0.34412531,2.88386673,0.99941777,-0.03114978,-0.01392159,0.19935412,0.03034737,0.99805008,-0.05454423,0.79690412,0.01559348,0.05408999,0.99841430,0.50043264,0.00000000,0.00000000,0.00000000,1.00000000,4.90190973,28.99024319,20.88263276,44.75411803,18607.47648662,1,1,1,0,0,0,1
ME-SR,0,14,0.19754146,0.05752446,0.53995000,3.63867628,0.96190773,0.02186065,0.92436318,0.00007320,0.00003095,-0.00155346,-0.00002093,0.00001613,0.00002069,-0.54025242,-0.93365347,1.73130301,1.09154844,4.10243121,-0.31071664,2.76768626,0.99946539,-0.02959821,-0.01388843,0.19933241,0.02879859,0.99809203,-0.05461637,0.79691845,0.01547848,0.05418720,0.99841082,0.50045384,0.00000000,0.00000000,0.00000000,1.00000000,4.94652613,28.63631773,15.68098688,39.30608113,18017.99980735,1,1,1,0,0,0,1
ME-SR,0,15,0.19822608,0.05911135,0.54439600,3.66622862,0.96190230,0.02227853,0.92399464,-0.00025196,-0.00015288,0.00140641,0.00001939,-0.00000486,-0.00001260,4.19476098,2.92768451,-1.17349516,1.67335602,3.91349466,-0.34303884,2.87052320,0.99942064,-0.03100031,-0.01404887,0.19935211,0.03019397,0.99806427,-0.05436940,0.79691485,0.01570714,0.05391371,0.99842205,0.50044130,0.00000000,0.00000000,0.00000000,1.00000000,4.90897842,29.16230365,20.82155747,44.81869249,18702.08084327,1,1,1,0,0,0,1
ME-SR,0,16,0.19671644,0.05792118,0.54874700,3.63164317,0.96191802,0.02206905,0.92356810,0.00016816,0.00031047,-0.00143793,-0.00000121,0.00000877,0.00001818,-2.37355024,-5.62725082,1.64617849,0.74087020,4.19667549,-0.30038477,2.76678293,0.99946849,-0.02956551,-0.01373347,0.19935037,0.02877570,0.99809751,-0.05452808,0.79692257,0.01531950,0.05410391,0.99841779,0.50045990,0.00000000,0.00000000,0.00000000,1.00000000,4.90781447,28.78408244,15.55790077,39.63062799,18048.98733801,1,1,1,0,0,0,1
ME-SR,0,17,0.19744508,0.05831791,0.56340200,3.65944083,0.96191388,0.02216453,0.92294330,-0.00030722,-0.00017648,0.00150095,0.00001941,-0.00000280,-0.00001358,5.03972885,3.44659051,-1.25339526,1.62049448,3.75936400,-0.33760161,2.79484473,0.99942056,-0.03106138,-0.01391917,0.19937005,0.03026418,0.99806991,-0.05422666,0.79692108,0.01557666,0.05377399,0.99843163,0.50044649,0.00000000,0.00000000,0.00000000,1.00000000,4.92788243,29.13975380,20.66038856,44.27011440,18763.58323093,1,1,1,0,0,0,1
ME-SR,0,18,0.19671633,0.05778894,0.58409900,3.62596231,0.96192754,0.02196058,0.92277475,0.00018595,0.00019922,-0.00147922,-0.00000936,0.00000809,0.00001916,-2.51694105,-3.82887025,1.66881660,0.95959621,4.12671444,-0.29902929,2.74624748,0.99946816,-0.02958556,-0.01371442,0.19936017,0.02879861,0.99810349,-0.05440638,0.79692784,0.01529805,0.05398248,0.99842469,0.50046591,0.00000000,0.00000000,0.00000000,1.00000000,4.96086639,29.15235084,15.56972344,39.90293972,18215.86844869,1,1,1,0,0,0,1
ME-SR,0,19,0.19757888,0.05845015,0.53224400,3.65885397,0.96191794,0.02203745,0.92286177,-0.00019096,-0.00016504,0.00148310,0.00001929,-0.00000926,-0.00001346,3.26552718,3.01790525,-1.26244257,1.58395028,3.87742948,-0.34128070,2.79407542,0.99942091,-0.03106520,-0.01388516,0.19937991,0.03026991,0.99807006,-0.05422065,0.79691989,0.01554274,0.05376895,0.99843243,0.50045227,0.00000000,0.00000000,0.00000000,1.00000000,4.90470619,29.07117237,20.59035783,43.93944408,18739.48279627,1,1,1,0,0,0,1
ME-SR,0,20,0.19707085,0.05765670,0.54173400,3.62598972,0.96193100,0.02195946,0.92275806,0.00018851,0.00017044,-0.00147482,-0.00001057,0.00000767,0.00001927,-2.52157325,-3.35678556,1.65923369,0.99088378,4.12798154,-0.30052211,2.74614643,0.99946799,-0.02959380,-0.01370910,0.19936884,0.02880717,0.99810339,-0.05440377,0.79692618,0.01529311,0.05397990,0.99842491,0.50047175,0.00000000,0.00000000,0.00000000,1.00000000,4.93870347,28.88208058,15.54049819,39.54893494,18201.87701165,1,1,1,0,0,0,1
ME-SR,0,21,0.19732990,0.05884687,0.57224500,3.65974924,0.96192009,0.02216608,0.92298648,-0.00017937,-0.00021462,0.00147008,0.00001563,-0.00000996,-0.00001312,3.18986421,3.84264391,-1.25228467,1.66465673,3.88473696,-0.34310534,2.79836517,0.99942044,-0.03106058,-0.01392904,0.19938493,0.03026278,0.99806971,-0.05423107,0.79691740,0.01558660,0.05377811,0.99843126,0.50045836,0.00000000,0.00000000,0.00000000,1.00000000,4.90612893,29.12227049,20.63766511,44.19873049,18777.15500728,1,1,1,0,0,0,1
ME-SR,0,22,0.19700146,0.05765670,0.54371000,3.62790995,0.96193165,0.02209467,0.92305516,0.00021131,0.00014120,-0.00149344,-0.00001362,0.00000662,0.00001955,-2.84431405,-2.88824922,1.66819285,1.01184561,4.14476265,-0.30070939,2.74354742,0.99946767,-0.02957091,-0.01378151,0.19937084,0.02877987,0.99810232,-0.05443782,0.79692253,0.01536514,0.05401221,0.99842205,0.50047802,0.00000000,0.00000000,0.00000000,1.00000000,4.93369698,29.13217537,15.50714234,39.66936203,18134.46202322,1,1,1,0,0,0,1
ME-SR,0,23,0.19697852,0.05871463,0.55258700,3.66228828,0.96192013,0.02240067,0.92340120,-0.00015561,-0.00019260,0.00146282,0.00001718,-0.00001112,-0.00001313,2.79127676,3.41849718,-1.24861316,1.62449393,3.92073753,-0.34135375,2.79985856,0.99942068,-0.03103075,-0.01397872,0.19938852,0.03022942,0.99806762,-0.05428819,0.79691264,0.01563631,0.05383417,0.99842746,0.50046458,0.00000000,0.00000000,0.00000000,1.00000000,4.87677701,29.13050216,20.68234827,44.43389345,18759.34450136,1,1,1,0,0,0,1
ME-SR,0,24,0.19626447,0.05778894,0.53483200,3.62733093,0.96193579,0.02195681,0.92297630,0.00015703,0.00025618,-0.00145560,-0.00000513,0.00000955,0.00001865,-2.12859300,-4.72475302,1.65944724,0.87410211,4.10786569,-0.29739123,2.73833883,0.99946833,-0.02957814,-0.01371792,0.19938284,0.02879054,0.99810204,-0.05443736,0.79692101,0.01530204,0.05401347,0.99842295,0.50048363,0.00000000,0.00000000,0.00000000,1.00000000,4.95603755,29.08019598,15.53170998,39.76259542,18132.18311757,1,1,1,0,0,0,1
ME-SR,0,25,0.19754276,0.05845015,0.56838300,3.65929219,0.96192726,0.02203650,0.92292447,-0.00021315,-0.00016392,0.00148992,0.00001960,-0.00000805,-0.00001354,3.60069953,3.04218016,-1.26345042,1.58442093,3.85734045,-0.34097033,2.79418374,0.99942090,-0.03106429,-0.01388821,0.19940285,0.03026870,0.99806962,-0.05422946,0.79691427,0.01554600,0.05377767,0.99843191,0.50046998,0.00000000,0.00000000,0.00000000,1.00000000,4.91022162,29.08686892,20.60112441,43.98130388,18740.76952535,1,1,1,0,0,0,1
ME-SR,0,26,0.19671277,0.05778894,0.62054400,3.62613286,0.96194065,0.02195988,0.92277923,0.00018222,0.00017199,-0.00147377,-0.00001106,0.00000824,0.00001921,-2.42518603,-3.37424596,1.65960046,0.98939081,4.12231294,-0.30037036,2.74612892,0.99946797,-0.02959385,-0.01371079,0.19939127,0.02880709,0.99810326,-0.05440625,0.79692112,0.01529487,0.05398234,0.99842475,0.50048942,0.00000000,0.00000000,0.00000000,1.00000000,4.96722571,29.17272858,15.56435682,39.94813030,18227.51794048,1,1,1,0,0,0,1
ME-SR,0,27,0.19757776,0.05871463,0.60639700,3.65898960,0.96193100,0.02203867,0.92286818,-0.00019131,-0.00016956,0.00147995,0.00001891,-0.00000926,-0.00001339,3.28064591,3.09514335,-1.25912114,1.58957223,3.87660895,-0.34150953,2.79409389,0.99942074,-0.03107033,-0.01388606,0.19941063,0.03027500,0.99806993,-0.05422032,0.79691316,0.01554390,0.05376851,0.99843244,0.50047584,0.00000000,0.00000000,0.00000000,1.00000000,4.90590810,29.07076007,20.59492465,43.94316871,18738.48623463,1,1,1,0,0,0,1
ME-SR,0,28,0.19672370,0.05778894,0.55356400,3.62612255,0.96194406,0.02196037,0.92276552,0.00018855,0.00016997,-0.00147501,-0.00001122,0.00000789,0.00001922,-2.52169688,-3.34911308,1.65889546,0.99148138,4.12792897,-0.30051121,2.74615347,0.99946783,-0.02959874,-0.01371046,0.19939890,0.02881204,0.99810326,-0.05440348,0.79691965,0.01529473,0.05397951,0.99842490,0.50049528,0.00000000,0.00000000,0.00000000,1.00000000,4.96727999,29.17357991,15.56755313,39.94841633,18229.69128231,1,1,1,0,0,0,1
ME-SR,0,29,0.19732921,0.05884687,0.59088200,3.65982914,0.96193315,0.02216712,0.92299303,-0.00017933,-0.00021501,0.00146769,0.00001555,-0.00000996,-0.00001308,3.19059939,3.84923254,-1.24998581,1.66563714,3.88456614,-0.34306422,2.79837273,0.99942034,-0.03106313,-0.01393079,0.19941492,0.03026524,0.99806965,-0.05423085,0.79691086,0.01558847,0.05377780,0.99843124,0.50048192,0.00000000,0.00000000,0.00000000,1.00000000,4.90618160,29.11931224,20.64043471,44.19522595,18774.89948770,1,1,1,0,0,0,1
ME-TReg,0,0,0.31669773,0.05170590,0.66319100,2.54790587,0.94703135,0.01831878,0.79159601,0.02935217,-0.01202980,-0.00478315,-0.01191083,-0.01387360,-0.00609464,-11.53098942,58.00713490,10.00087886,4.90875050,1.81945118,0.28048504,3.71012454,0.99950020,-0.03022496,-0.00926317,0.18856958,0.02992055,0.99905879,-0.03140518,0.78572945,0.01020367,0.03111232,0.99946381,0.49390195,0.00000000,0.00000000,0.00000000,1.00000000,7.09889815,26.80557587,13.65817741,85.29248112,14845.67227786,1,1,1,0,0,0,1
ME-TReg,0,1,0.24028071,0.06823592,0.53479900,3.46215404,0.91734853,0.02161295,0.89017496,0.01814530,-0.00483347,0.00149669,-0.01251005,-0.03767052,0.00888843,-153.55112658,56.92667989,-7.18246406,6.08252998,12.04308735,-0.25891794,4.34759755,0.99939860,-0.03192767,-0.01353022,0.17712204,0.03121933,0.99827741,-0.04967461,0.74744093,0.01509291,0.04922233,0.99867380,0.50148595,0.00000000,0.00000000,0.00000000,1.00000000,3.28239280,27.12301662,6.51143738,44.39421467,16521.61737968,1,1,1,0,0,0,1
ME-TReg,0,2,0.19328840,0.05739222,0.53134600,3.43050831,0.88663896,0.02237246,0.87742076,-0.00132411,0.00206068,0.00180949,-0.01367623,-0.03454983,0.00192592,-14.79891867,-20.35488024,-2.38090946,0.21882000,4.65673039,-0.20482895,2.55135998,0.99936501,-0.03371946,-0.01151428,0.16453106,0.03312665,0.99828405,-0.04828648,0.71242798,0.01312271,0.04787439,0.99876716,0.50150228,0.00000000,0.00000000,0.00000000,1.00000000,8.38357477,18.52507834,19.91406988,52.76153274,12151.54087667,1,1,1,0,0,0,1
ME-TReg,0,3,0.17879326,0.05911135,0.51032600,3.20837787,0.85480152,0.02339331,0.86089128,-0.00129386,0.00043854,-0.00511181,-0.00871377,-0.03691836,0.00041506,-16.07917966,1.31754146,6.69199277,1.08951489,4.93963396,-0.15011581,2.44998263,0.99952924,-0.02859582,-0.01111629,0.15706292,0.02804393,0.99850203,-0.04698129,0.67526428,0.01244311,0.04664743,0.99883391,0.50003503,0.00000000,0.00000000,0.00000000,1.00000000,4.38733599,18.47898074,12.16528888,57.12782183,11792.23268585,1,1,1,0,0,0,1
ME-TReg,0,4,0.18302384,0.06083047,0.62554900,3.37144886,0.81880717,0.02430059,0.85336173,-0.00162282,0.00106815,0.00776439,-0.01989971,-0.03993242,0.00039855,-13.32371626,4.49396970,-8.87411393,2.65607469,5.42298710,-0.14402009,2.64970582,0.99928849,-0.03633845,-0.01010145,0.13831004,0.03584536,0.99832889,-0.04532691,0.63481488,0.01173168,0.04493257,0.99892113,0.49832276,0.00000000,0.00000000,0.00000000,1.00000000,4.23553743,46.67529187,17.03814462,96.34077148,26265.34452209,1,1,1,0,0,0,1
ME-TReg,0,5,0.17762532,0.06135943,0.58778300,3.24926758,0.78429379,0.02477971,0.83411439,-0.00249275,0.00102209,-0.00008620,-0.00624684,-0.04232503,0.00004546,-4.64119139,-8.63749236,-1.66379410,0.01479986,5.17598246,-0.07973061,2.42514723,0.99930146,-0.03622829,-0.00917053,0.13360522,0.03580433,0.99844182,-0.04280157,0.59233459,0.01070687,0.04244333,0.99904150,0.49639311,0.00000000,0.00000000,0.00000000,1.00000000,3.07956372,22.98011952,7.15614553,56.68419348,11258.67460331,1,1,1,0,0,0,1
ME-TReg,0,6,0.16438345,0.06175615,0.58900100,3.15891791,0.75127022,0.02561059,0.81444768,-0.00291871,0.00020694,0.00093320,-0.00772332,-0.04141765,0.00034202,3.16423971,5.44390016,-3.48946413,1.24302050,4.72525255,-0.16732543,2.26790619,0.99926912,-0.03713420,-0.00907080,0.12738465,0.03674468,0.99852863,-0.03987977,0.55069031,0.01053836,0.03951732,0.99916331,0.49489421,0.00000000,0.00000000,0.00000000,1.00000000,2.75653937,19.85169060,6.75539365,42.93644087,9884.22490160,1,1,1,0,0,0,1
ME-TReg,0,7,0.15576265,0.06400423,0.56111600,3.05281907,0.72070820,0.02586529,0.79403134,-0.00313856,0.00023414,0.00058054,-0.00575281,-0.03926374,-0.00048713,10.24328028,3.31336509,-4.38444584,0.87427030,4.14648318,-0.08743667,2.11160263,0.99924951,-0.03768602,-0.00895425,0.12309849,0.03733336,0.99862736,-0.03673699,0.51129239,0.01032643,0.03637513,0.99928485,0.49279526,0.00000000,0.00000000,0.00000000,1.00000000,2.75478593,16.49003347,5.36143827,37.62817508,8725.36640434,1,1,1,0,0,0,1
ME-TReg,0,8,0.15211489,0.06731024,0.54331100,2.90936070,0.69098339,0.02692023,0.77567289,-0.00264415,0.00038561,-0.00090134,-0.00755688,-0.03928993,-0.00018245,2.95117998,2.78992667,0.50742913,1.04025589,4.60766211,-0.16123686,2.12890773,0.99928646,-0.03676204,-0.00866735,0.11702960,0.03644685,0.99875424,-0.03408208,0.47178097,0.00990948,0.03374186,0.99938145,0.49110573,0.00000000,0.00000000,0.00000000,1.00000000,2.53041688,16.45816351,5.77121667,36.98774535,9404.06712243,1,1,1,0,0,0,1
ME-TReg,0,9,0.14477791,0.07048400,0.51213500,2.67735444,0.65981076,0.02732802,0.75458874,-0.00282423,0.00049485,-0.00287385,-0.00924965,-0.04403650,0.00107424,-3.29446801,5.86759639,5.81862925,1.26120715,5.40281341,-0.22650157,2.03172725,0.99939214,-0.03386617,-0.00827257,0.10939611,0.03359246,0.99894713,-0.03124377,0.42742559,0.00932197,0.03094688,0.99947756,0.49060178,0.00000000,0.00000000,0.00000000,1.00000000,2.39814873,17.71037990,6.20096633,48.39454891,10491.82736791,1,1,1,0,0,0,1
ME-TReg,0,10,0.13681363,0.07431896,0.53878000,2.41028922,0.62826597,0.02793401,0.72933215,-0.00329013,0.00083341,-0.00320570,-0.00868500,-0.04578446,-0.00044883,4.39246490,-2.68167719,5.00046061,0.52960764,5.05857261,-0.11241747,1.89249096,0.99950212,-0.03063621,-0.00754573,0.10227065,0.03041447,0.99914707,-0.02793009,0.38141160,0.00839497,0.02768669,0.99958140,0.48865534,0.00000000,0.00000000,0.00000000,1.00000000,3.45278709,17.66781076,7.16396100,49.23517131,10379.69372453,1,1,1,0,0,0,1
ME-TReg,0,11,0.13434117,0.07722825,0.56632700,2.09353394,0.59656115,0.02842198,0.69906377,-0.00311626,0.00104699,-0.00451453,-0.01677076,-0.04590615,-0.00138912,1.44941090,4.59414479,6.83024755,2.15255154,5.25743666,-0.03541988,1.80214386,0.99963759,-0.02610159,-0.00658760,0.08692511,0.02593091,0.99935640,-0.02478666,0.33507333,0.00723033,0.02460686,0.99967106,0.48585502,0.00000000,0.00000000,0.00000000,1.00000000,3.19433733,18.82707399,8.43826322,45.07939074,10266.85044859,1,1,1,0,0,0,1
ME-TReg,0,12,0.11667574,0.09098122,0.50809100,1.82068971,0.56721615,0.03135292,0.66810826,-0.00351718,0.00097287,-0.00309353,-0.01702858,-0.04675278,-0.00108671,9.73172806,8.25594312,7.50129512,2.77991365,5.43730302,-0.12496597,1.69242971,0.99971950,-0.02298744,-0.00570136,0.07113018,0.02286152,0.99951282,-0.02124773,0.28793601,0.00618701,0.02111143,0.99975798,0.48349510,0.00000000,0.00000000,0.00000000,1.00000000,2.29000251,19.62359656,7.40398498,43.88781538,9646.41789285,1,1,1,0,0,0,1
ME-TReg,0,13,0.10386845,0.10790796,0.55914100,1.53635837,0.53766849,0.03158023,0.63143913,-0.00305176,0.00133058,-0.00371959,-0.01842037,-0.04630507,-0.00496561,-2.86218680,4.31785666,10.65778002,2.85652999,6.56370347,0.26480474,1.56632953,0.99980480,-0.01925327,-0.00443554,0.05380773,0.01916970,0.99965114,-0.01816928,0.24133789,0.00478381,0.01808071,0.99982509,0.47743916,0.00000000,0.00000000,0.00000000,1.00000000,2.71112087,20.21941131,10.51645947,44.16955142,10324.13527557,1,1,1,0,0,0,1
ME-TReg,0,14,0.09865547,0.12919862,0.61873700,1.10407220,0.50735631,0.03170671,0.56194350,-0.00415407,0.00230684,-0.00614595,-0.02056381,-0.05947911,-0.00375710,4.14740753,-35.79438806,18.51472830,0.41651067,8.91132251,0.09738781,1.83645020,0.99991185,-0.01309438,-0.00219621,0.03440977,0.01306243,0.99981696,-0.01397912,0.18155358,0.00237885,0.01394920,0.99989988,0.47250893,0.00000000,0.00000000,0.00000000,1.00000000,3.68331313,20.36931490,13.69293611,33.85296527,9643.44824583,1,1,1,0,0,0,1
ME-TReg,0,15,0.08454178,0.13938112,0.59313900,0.66988511,0.47978993,0.06257294,0.44338914,-0.00305221,0.00109325,-0.00905673,-0.01583225,-0.05074798,-0.01053758,-5.75816906,10.53030058,35.14953852,2.94117553,8.64194773,0.37840135,1.53052963,0.99999123,-0.00403295,-0.00112914,0.01926657,0.00402038,0.99993232,-0.01091793,0.13075540,0.00117309,0.01091329,0.99993976,0.46122685,0.00000000,0.00000000,0.00000000,1.00000000,3.38981281,25.55200444,10.50448395,38.59439289,10868.18626699,1,1,1,0,0,0,1
ME-TReg,0,16,0.07008755,0.16120074,0.57733000,0.45275198,0.45432459,0.05729530,0.41405064,-0.00329049,0.00086873,-0.00197353,-0.00978988,-0.04376490,-0.01494958,20.38032786,-2.57592152,11.71381275,1.23821415,7.67734768,0.92298867,1.34128459,0.99999785,-0.00205712,-0.00027043,0.00967016,0.00205500,0.99996882,-0.00762496,0.08711732,0.00028611,0.00762439,0.99997089,0.44578907,0.00000000,0.00000000,0.00000000,1.00000000,2.07493219,25.76208724,7.80698858,51.71231229,11194.12129467,1,1,0,0,0,0,1
ME-TReg,0,17,0.06092308,0.16463898,0.60480100,0.32686376,0.43412359,0.02904333,0.39728720,-0.00194087,0.00064747,-0.00173605,-0.00867050,-0.02647719,-0.01573351,2.51498048,1.88016970,18.77460782,1.61450033,5.32155982,1.38648825,1.01810041,0.99999988,-0.00032118,0.00037473,0.00105840,0.00032330,0.99998380,-0.00568337,0.06074311,-0.00037290,0.00568349,0.99998378,0.42985166,0.00000000,0.00000000,0.00000000,1.00000000,1.40381825,30.42785141,4.99513772,73.01465218,13235.65588112,1,1,0,0,0,0,1
ME-TReg,0,18,0.05824495,0.16688707,0.58478600,0.25491680,0.41472620,0.02891037,0.38443323,-0.00139769,0.00071079,-0.00082290,-0.00724825,-0.01772819,-0.01732097,5.63902032,-9.23599050,10.79037776,0.71896109,3.36617971,1.69305052,0.91673853,0.99999929,0.00050070,0.00108565,-0.00619065,-0.00049605,0.99999069,-0.00428575,0.04311131,-0.00108779,0.00428521,0.99999023,0.41243292,0.00000000,0.00000000,0.00000000,1.00000000,1.30393372,31.62382734,4.40518174,78.77257319,13176.96019271,1,1,0,0,0,0,1
ME-TReg,0,19,0.05481094,0.17138323,0.60620800,0.21062899,0.39664361,0.02942766,0.37069391,-0.00084505,0.00013687,0.00007372,-0.00178251,-0.00922197,-0.01728967,8.21721432,-1.39072080,-0.40327444,0.29008843,1.31108132,1.73717814,0.81730746,0.99999916,0.00042601,0.00122292,-0.00799654,-0.00042180,0.99999399,-0.00344078,0.03396441,-0.00122437,0.00344026,0.99999333,0.39510584,0.00000000,0.00000000,0.00000000,1.00000000,1.27340368,31.04546914,4.01899150,80.49854159,12989.32921860,1,1,0,0,0,0,1
ME-TReg,0,20,0.05406377,0.17508596,0.52980100,0.18217141,0.37918729,0.02903255,0.35690242,-0.00047699,-0.00021083,-0.00012459,0.00110228,-0.00609205,-0.01698969,0.06552670,6.22704591,2.44457913,0.19549295,1.25525381,1.72187239,0.79248030,0.99999934,0.00055007,0.00101232,-0.00691763,-0.00054707,0.99999546,-0.00296368,0.02793038,-0.00101394,0.00296313,0.99999510,0.37809396,0.00000000,0.00000000,0.00000000,1.00000000,1.30723079,31.84850161,4.12954917,85.47880026,13628.00114264,1,1,0,0,0,0,1
ME-TReg,0,21,0.05243510,0.17720180,0.53918700,0.16544924,0.36219930,0.02940610,0.34332730,-0.00032351,-0.00015264,-0.00024446,0.00179625,-0.00422390,-0.01669679,-0.53341423,0.33701705,4.13521270,-0.40514837,0.90678454,1.71365694,0.75579255,0.99999931,0.00079423,0.00085990,-0.00514061,-0.00079195,0.99999620,-0.00264007,0.02375500,-0.00086199,0.00263939,0.99999615,0.36138291,0.00000000,0.00000000,0.00000000,1.00000000,1.29452252,31.15659922,4.17891076,85.33417067,13671.91365963,1,1,0,0,0,0,1
ME-TReg,0,22,0.05161546,0.17892092,0.59245800,0.16187941,0.34491121,0.02939904,0.32875739,-0.00009382,-0.00001096,-0.00008912,0.00020049,-0.00156839,-0.01722039,-2.74963433,-0.91332981,1.47617861,-0.07238454,0.42025485,1.80728492,0.72774586,0.99999925,0.00088326,0.00084902,-0.00495618,-0.00088110,0.99999637,-0.00254625,0.02223192,-0.00085127,0.00254550,0.99999640,0.34415828,0.00000000,0.00000000,0.00000000,1.00000000,1.26879319,28.87446419,3.99596196,77.55176286,12570.43110060,1,1,0,0,0,0,1
ME-TReg,0,23,0.04992328,0.18169796,0.57535500,0.15561332,0.32782984,0.03048492,0.31415586,-0.00012486,-0.00002930,-0.00003508,0.00047503,-0.00111394,-0.01703983,0.49557245,-1.42014305,0.70507082,-0.16134743,0.08829031,1.78990097,0.70023138,0.99999924,0.00091824,0.00081984,-0.00449660,-0.00091626,0.99999665,-0.00242136,0.02116095,-0.00082206,0.00242060,0.99999673,0.32711527,0.00000000,0.00000000,0.00000000,1.00000000,1.26702941,27.54983684,3.94400565,71.89202523,11749.98955309,1,1,0,0,0,0,1
ME-TReg,0,24,0.04906241,0.18354933,0.56022300,0.14729319,0.30989342,0.03046399,0.29845816,-0.00013896,-0.00004189,0.00002608,0.00028480,-0.00119457,-0.01789435,0.55194228,-0.39223153,-0.25652855,-0.01165471,0.08312969,1.89626339,0.68841330,0.99999930,0.00089205,0.00077807,-0.00422757,-0.00089027,0.99999700,-0.00228236,0.02000945,-0.00078011,0.00228167,0.99999709,0.30921785,0.00000000,0.00000000,0.00000000,1.00000000,1.27635441,24.07146791,4.02685780,60.66311083,10131.17298382,1,1,0,0,0,0,1
ME-TReg,0,25,0.04722667,0.18632637,0.56186100,0.14093028,0.29168994,0.03056233,0.28249757,-0.00016057,0.00004492,-0.00004188,-0.00057268,-0.00152177,-0.01815391,0.58638972,-2.10895532,0.40786795,0.07372324,0.14034765,1.94443060,0.64902512,0.99999923,0.00093381,0.00082314,-0.00481574,-0.00093206,0.99999731,-0.00212183,0.01852963,-0.00082512,0.00212106,0.99999741,0.29106096,0.00000000,0.00000000,0.00000000,1.00000000,1.36124299,21.59242763,4.18857273,53.57034192,9122.29223298,1,1,0,0,0,0,1
ME-TReg,0,26,0.04550904,0.18910341,0.53389000,0.13759465,0.27409094,0.06337475,0.26701310,-0.00008100,-0.00004533,-0.00006562,0.00017060,-0.00057916,-0.01759928,-0.37856711,-0.24414716,0.92339887,0.04180153,0.00602240,1.89948957,0.61852078,0.99999920,0.00099937,0.00077789,-0.00466016,-0.00099778,0.99999742,-0.00204079,0.01798765,-0.00077993,0.00204001,0.99999762,0.27346036,0.00000000,0.00000000,0.00000000,1.00000000,1.36600765,20.32229157,4.05331458,48.63494526,8215.31653708,1,1,0,0,0,0,1
ME-TReg,0,27,0.04531647,0.19069029,0.58161800,0.12768845,0.25596834,0.07813079,0.25076156,-0.00014491,-0.00016459,0.00000043,0.00105136,-0.00136841,-0.01805658,0.05450869,3.20113248,0.20859005,0.07238483,0.17276978,1.94052943,0.61469818,0.99999931,0.00099884,0.00061345,-0.00362422,-0.00099767,0.99999771,-0.00189572,0.01665504,-0.00061534,0.00189511,0.99999801,0.25540021,0.00000000,0.00000000,0.00000000,1.00000000,1.39888487,18.89199877,4.04812956,44.90332484,7495.17911542,1,1,0,0,0,0,1
ME-TReg,0,28,0.04351068,0.19174821,0.60732300,0.11960992,0.23846363,0.09007466,0.23492214,-0.00013858,-0.00010442,-0.00000747,0.00086158,-0.00140435,-0.01743983,-0.18148522,0.62478943,0.26743511,-0.07128698,0.19287497,1.88871451,0.57649740,0.99999936,0.00100623,0.00050917,-0.00277473,-0.00100534,0.99999795,-0.00175703,0.01528290,-0.00051093,0.00175652,0.99999833,0.23795722,0.00000000,0.00000000,0.00000000,1.00000000,1.42487328,18.21288287,4.01079890,42.29643161,7016.42581186,1,1,0,0,0,0,1
ME-TReg,0,29,0.04177334,0.19386406,0.54174100,0.11177618,0.22180418,0.10257181,0.21959260,-0.00013172,-0.00009744,0.00000838,0.00080540,-0.00114473,-0.01661236,0.58017567,0.52803710,-0.01118065,-0.06518596,0.08570356,1.80760370,0.54427549,0.99999942,0.00099780,0.00041185,-0.00197895,-0.00099712,0.99999818,-0.00162521,0.01416655,-0.00041348,0.00162480,0.99999859,0.22134247,0.00000000,0.00000000,0.00000000,1.00000000,1.46310026,17.42136324,4.05551128,40.52946997,6713.52003838,1,0,0,0,0,0,1
ME-TSVD,0,0,0.31669773,0.05170590,0.82366900,1.50489550,0.78711265,0.01396161,0.71654119,-0.00020120,0.00471427,-0.00949907,-0.12209679,-0.25147403,-1.06014413,-11.53098942,58.00713490,10.00087886,4.90875050,1.81945118,0.28048504,3.71012454,0.99965610,-0.02540262,0.00651117,0.08483957,0.02541185,0.99967617,-0.00134009,0.54620300,-0.00647502,0.00150509,0.99997790,-0.56036671,0.00000000,0.00000000,0.00000000,1.00000000,7.09889815,26.80557587,13.65817741,85.29248112,14845.67227786,1,1,1,0,0,0,1
ME-TSVD,0,1,0.31420234,0.07498016,0.97911800,1.23430178,0.08186025,0.03790496,0.49884622,-0.01243988,-0.00070111,-0.00782720,-0.05658041,-0.48575111,0.59698256,-103.46487458,71.38097987,9.19132194,5.98518586,10.12117769,-0.06106962,7.08589747,0.99982882,-0.01765227,0.00554243,0.04450503,0.01759004,0.99978387,0.01108158,0.05837137,-0.00573684,-0.01098219,0.99992324,0.03623792,0.00000000,0.00000000,0.00000000,1.00000000,3.03395386,29.42779106,5.62114143,54.80313402,13213.61750788,1,1,1,0,0,0,1
ME-TSVD,0,2,0.15998591,0.19478974,0.64560200,1.01617583,0.10045754,0.06210697,0.37201712,-0.00373834,0.00372096,-0.01466545,-0.04202140,-0.04917273,0.06295542,-404.66201735,268.96792437,53.00293864,24.62456939,35.84332972,0.20328886,6.84589420,0.99995291,-0.00301573,0.00922443,0.00370776,0.00287846,0.99988548,0.01485747,0.00916775,-0.00926818,-0.01483021,0.99984707,0.09996960,0.00000000,0.00000000,0.00000000,1.00000000,4.11152746,20.46192009,9.74066448,47.20295330,6037.22872194,1,1,0,0,0,0,1
ME-TSVD,0,3,0.14784635,0.17389579,0.61363500,0.96861254,0.01853832,0.06206794,0.34855033,0.00031102,-0.00061205,-0.00305351,0.01039211,0.00206894,-0.10875820,-369.61270802,234.49654710,28.34535571,20.52812673,30.33591828,1.12794419,5.66883120,0.99996291,0.00004044,0.00861286,0.01308991,-0.00016572,0.99989419,0.01454565,0.00965050,-0.00861137,-0.01454654,0.99985711,-0.00889896,0.00000000,0.00000000,0.00000000,1.00000000,2.65070877,19.98327450,3.81243519,42.96863119,5468.61203993,1,1,0,0,0,0,1
ME-TSVD,0,4,0.14626377,0.17442476,0.59409100,0.95382228,0.03935076,0.06221136,0.34542332,0.00018255,-0.00020308,0.00039248,0.00229245,0.00089932,0.04322101,-365.70186231,230.48212436,4.14766771,21.15447520,30.16937178,0.49815379,5.48066710,0.99996458,-0.00035048,0.00840982,0.01575457,0.00022966,0.99989682,0.01436312,0.01117802,-0.00841399,-0.01436067,0.99986148,0.03428305,0.00000000,0.00000000,0.00000000,1.00000000,2.79269157,19.37241922,2.78421782,40.58275020,5336.30826126,1,1,0,0,0,0,1
ME-TSVD,0,5,0.14579390,0.17693732,0.58377100,0.96917667,0.02588522,0.06210990,0.34887940,-0.00020836,0.00016318,0.00023695,-0.00174270,-0.00239822,-0.01424683,-366.81082355,229.55525663,5.39305491,21.51601754,30.52795202,0.53705754,5.47909370,0.99996308,-0.00058919,0.00857290,0.01389296,0.00046422,0.99989372,0.01457151,0.00857502,-0.00858058,-0.01456699,0.99985708,0.02008730,0.00000000,0.00000000,0.00000000,1.00000000,2.64114529,20.83130851,2.82699570,45.80211078,5769.46185652,1,1,0,0,0,0,1
ME-TSVD,0,6,0.14488734,0.17693732,0.58269200,0.97406899,0.02882447,0.06148244,0.34993907,-0.00002409,0.00013553,-0.00016951,-0.00176650,-0.00010146,0.00459316,-366.98268843,225.17899474,10.34238048,21.28173243,30.60873086,0.49799773,5.45575180,0.99996199,-0.00041989,0.00870842,0.01216596,0.00029276,0.99989344,0.01459564,0.00853967,-0.00871362,-0.01459254,0.99985555,0.02469643,0.00000000,0.00000000,0.00000000,1.00000000,2.67124720,21.31878256,2.83906739,46.55370457,5802.93470593,1,1,0,0,0,0,1
ME-TSVD,0,7,0.14559907,0.17654060,0.59562200,0.96681822,0.02854759,0.06156833,0.34827528,0.00007594,-0.00012373,0.00008108,0.00152230,0.00077552,-0.00140100,-369.34135834,228.81271228,8.07454400,21.23212037,30.66862015,0.52055480,5.49349130,0.99996303,-0.00050031,0.00858473,0.01367567,0.00037563,0.99989451,0.01451968,0.00929510,-0.00859108,-0.01451591,0.99985773,0.02327106,0.00000000,0.00000000,0.00000000,1.00000000,2.67841528,20.97691466,2.93956598,46.38042599,5844.08170715,1,1,0,0,0,0,1
ME-TSVD,0,8,0.14528968,0.17746628,0.61296800,0.97434779,0.02748228,0.06158615,0.34998696,-0.00008432,0.00011872,-0.00007021,-0.00142568,-0.00088341,-0.00017620,-368.61392692,228.05691309,9.51401073,21.42309192,30.71781176,0.51160660,5.49073041,0.99996203,-0.00043083,0.00870341,0.01224898,0.00030369,0.99989331,0.01460403,0.00840870,-0.00870877,-0.01460083,0.99985548,0.02311995,0.00000000,0.00000000,0.00000000,1.00000000,2.66750054,21.12570053,2.86282553,46.42722414,5838.06695309,1,1,0,0,0,0,1
ME-TSVD,0,9,0.14567586,0.17693732,0.62193500,0.96635323,0.02902251,0.06172229,0.34817255,0.00009369,-0.00011881,0.00006998,0.00140356,0.00100113,0.00071892,-370.93260308,228.93704445,8.25192894,21.26250247,30.84194101,0.51739722,5.50880289,0.99996303,-0.00050000,0.00858464,0.01365831,0.00037540,0.99989465,0.01451030,0.00942065,-0.00859099,-0.01450654,0.99985787,0.02381193,0.00000000,0.00000000,0.00000000,1.00000000,2.67767606,20.96647690,2.93397529,46.28172467,5834.31575682,1,1,0,0,0,0,1
ME-TSVD,0,10,0.14528660,0.17733404,0.62088600,0.97442075,0.02728137,0.06167627,0.35000236,-0.00009511,0.00011880,-0.00006679,-0.00139985,-0.00101969,-0.00095107,-368.65039345,228.04450191,9.51177513,21.41750851,30.73040291,0.51304318,5.49081280,0.99996203,-0.00043404,0.00870339,0.01225085,0.00030689,0.99989329,0.01460544,0.00838674,-0.00870880,-0.01460221,0.99985546,0.02288782,0.00000000,0.00000000,0.00000000,1.00000000,2.66793889,21.11748122,2.86346376,46.39990198,5836.46394774,1,1,0,0,0,0,1
ME-TSVD,0,11,0.14567414,0.17693732,0.59218800,0.96631281,0.02909377,0.06172039,0.34816351,0.00009590,-0.00011882,0.00006628,0.00139757,0.00102747,0.00103547,-370.93250916,228.93666579,8.29012388,21.26281507,30.83993225,0.51658163,5.50873771,0.99996303,-0.00049949,0.00858462,0.01365694,0.00037490,0.99989466,0.01450951,0.00942966,-0.00859096,-0.01450576,0.99985788,0.02389596,0.00000000,0.00000000,0.00000000,1.00000000,2.67777166,20.96633306,2.93400604,46.28368805,5834.30695251,1,1,0,0,0,0,1
ME-TSVD,0,12,0.14528565,0.17733404,0.59700600,0.97442480,0.02725455,0.06171923,0.35000254,-0.00009598,0.00011880,-0.00006606,-0.00139731,-0.00103037,-0.00106610,-368.64931409,228.04565775,9.50477882,21.41720668,30.73113041,0.51331800,5.49075157,0.99996203,-0.00043426,0.00870337,0.01225105,0.00030711,0.99989329,0.01460553,0.00838340,-0.00870878,-0.01460230,0.99985545,0.02285697,0.00000000,0.00000000,0.00000000,1.00000000,2.66791718,21.11712009,2.86349110,46.39822420,5836.38886859,1,1,0,0,0,0,1
ME-TSVD,0,13,0.14567293,0.17693732,0.59706900,0.96629955,0.02910201,0.06171968,0.34815998,0.00009623,-0.00011884,0.00006596,0.00139693,0.00103145,0.00107598,-370.93154540,228.93718123,8.29311215,21.26290109,30.83950640,0.51647851,5.50867171,0.99996303,-0.00049939,0.00858458,0.01365684,0.00037480,0.99989466,0.01450927,0.00943088,-0.00859092,-0.01450552,0.99985788,0.02390557,0.00000000,0.00000000,0.00000000,1.00000000,2.67777762,20.96621974,2.93402103,46.28369157,5834.28909998,1,1,0,0,0,0,1
ME-TSVD,0,14,0.14528447,0.17733404,0.58939900,0.97441738,0.02725048,0.06171879,0.35000026,-0.00009609,0.00011881,-0.00006595,-0.00139712,-0.00103169,-0.00108044,-368.64826918,228.04673531,9.50358193,21.41721885,30.73110819,0.51334928,5.49068543,0.99996203,-0.00043427,0.00870334,0.01225101,0.00030712,0.99989329,0.01460539,0.00838310,-0.00870876,-0.01460217,0.99985546,0.02285224,0.00000000,0.00000000,0.00000000,1.00000000,2.66791228,21.11691559,2.86350695,46.39761447,5836.35039864,1,1,0,0,0,0,1
ME-TSVD,0,15,0.14567178,0.17693732,0.61775200,0.96629047,0.02910224,0.06171914,0.34815734,0.00009626,-0.00011885,0.00006591,0.00139691,0.00103178,0.00108096,-370.93067905,228.93793081,8.29344573,21.26292408,30.83937208,0.51646304,5.50860898,0.99996303,-0.00049934,0.00858454,0.01365683,0.00037475,0.99989467,0.01450911,0.00943098,-0.00859089,-0.01450535,0.99985789,0.02390582,0.00000000,0.00000000,0.00000000,1.00000000,2.67777837,20.96603738,2.93403599,46.28327013,5834.25400139,1,1,0,0,0,0,1
ME-TSVD,0,16,0.14528329,0.17733404,0.63065600,0.97440982,0.02724925,0.06171833,0.34999797,-0.00009612,0.00011882,-0.00006594,-0.00139721,-0.00103198,-0.00108203,-368.64735056,228.04749847,9.50309554,21.41724771,30.73100959,0.51334929,5.49062013,0.99996203,-0.00043424,0.00870332,0.01225090,0.00030709,0.99989329,0.01460525,0.00838290,-0.00870873,-0.01460203,0.99985546,0.02285091,0.00000000,0.00000000,0.00000000,1.00000000,2.66790981,21.11673272,2.86352412,46.39714560,5836.31627967,1,1,0,0,0,0,1
ME-TSVD,0,17,0.14567054,0.17693732,0.56779700,0.96628141,0.02910137,0.06171861,0.34815468,0.00009629,-0.00011884,0.00006592,0.00139678,0.00103223,0.00108127,-370.92947375,228.93891357,8.29311693,21.26298642,30.83919679,0.51645877,5.50853864,0.99996303,-0.00049933,0.00858453,0.01365659,0.00037474,0.99989467,0.01450893,0.00943123,-0.00859087,-0.01450518,0.99985789,0.02390479,0.00000000,0.00000000,0.00000000,1.00000000,2.67777618,20.96587414,2.93405111,46.28286473,5834.22461691,1,1,0,0,0,0,1
ME-TSVD,0,18,0.14528205,0.17733404,0.57791600,0.97440207,0.02724797,0.06171786,0.34999565,-0.00009615,0.00011882,-0.00006594,-0.00139711,-0.00103236,-0.00108240,-368.64645272,228.04837114,9.50302393,21.41725576,30.73091785,0.51334725,5.49055232,0.99996203,-0.00043422,0.00870330,0.01225075,0.00030707,0.99989329,0.01460511,0.00838276,-0.00870871,-0.01460188,0.99985546,0.02284952,0.00000000,0.00000000,0.00000000,1.00000000,2.66791029,21.11650877,2.86354245,46.39659412,5836.27496531,1,1,0,0,0,0,1
ME-TSVD,0,19,0.14566938,0.17693732,0.55243500,0.96627380,0.02910053,0.06171815,0.34815239,0.00009629,-0.00011884,0.00006591,0.00139675,0.00103220,0.00108181,-370.92854610,228.93973049,8.29302375,21.26301384,30.83907695,0.51645431,5.50847410,0.99996303,-0.00049930,0.00858451,0.01365642,0.00037471,0.99989467,0.01450879,0.00943108,-0.00859085,-0.01450504,0.99985789,0.02390394,0.00000000,0.00000000,0.00000000,1.00000000,2.67777495,20.96569318,2.93406671,46.28242559,5834.19204635,1,1,0,0,0,0,1
ME-TSVD,0,20,0.14528087,0.17733404,0.52876000,0.97439308,0.02724702,0.06171735,0.34999303,-0.00009612,0.00011881,-0.00006594,-0.00139698,-0.00103210,-0.00108269,-368.64530335,228.04921046,9.50281686,21.41727867,30.73077235,0.51334506,5.49048479,0.99996203,-0.00043419,0.00870327,0.01225071,0.00030705,0.99989329,0.01460495,0.00838285,-0.00870868,-0.01460172,0.99985546,0.02284837,0.00000000,0.00000000,0.00000000,1.00000000,2.66790923,21.11632773,2.86355777,46.39614448,5836.24086426,1,1,0,0,0,0,1
ME-TSVD,0,21,0.14566821,0.17693732,0.57513500,0.96626629,0.02909932,0.06171768,0.34815010,0.00009627,-0.00011883,0.00006591,0.00139660,0.00103194,0.00108164,-370.92770964,228.94059464,8.29287205,21.26304852,30.83898089,0.51645179,5.50841059,0.99996303,-0.00049927,0.00858449,0.01365623,0.00037468,0.99989467,0.01450865,0.00943091,-0.00859083,-0.01450490,0.99985789,0.02390263,0.00000000,0.00000000,0.00000000,1.00000000,2.67777458,20.96548541,2.93408181,46.28190530,5834.15242628,1,1,0,0,0,0,1
ME-TSVD,0,22,0.14527976,0.17733404,0.52895100,0.97438564,0.02724619,0.06171688,0.34999077,-0.00009612,0.00011881,-0.00006593,-0.00139708,-0.00103206,-0.00108217,-368.64441627,228.05002357,9.50255278,21.41732046,30.73065254,0.51334278,5.49042351,0.99996203,-0.00043417,0.00870325,0.01225042,0.00030703,0.99989330,0.01460480,0.00838274,-0.00870867,-0.01460158,0.99985547,0.02284758,0.00000000,0.00000000,0.00000000,1.00000000,2.66790859,21.11616237,2.86357078,46.39573940,5836.21142309,1,1,0,0,0,0,1
ME-TSVD,0,23,0.14566706,0.17693732,0.69685500,0.96625716,0.02909850,0.06171716,0.34814745,0.00009629,-0.00011885,0.00006592,0.00139686,0.00103219,0.00108141,-370.92655515,228.94138184,8.29270218,21.26305399,30.83883683,0.51644990,5.50834462,0.99996303,-0.00049926,0.00858446,0.01365619,0.00037467,0.99989468,0.01450849,0.00943104,-0.00859080,-0.01450473,0.99985790,0.02390160,0.00000000,0.00000000,0.00000000,1.00000000,2.67777435,20.96532810,2.93409919,46.28150739,5834.12355423,1,1,0,0,0,0,1
ME-TSVD,0,24,0.14527862,0.17733404,0.65071000,0.97437703,0.02724527,0.06171637,0.34998824,-0.00009613,0.00011882,-0.00006595,-0.00139715,-0.00103214,-0.00108221,-368.64340983,228.05080847,9.50252387,21.41734606,30.73053715,0.51333907,5.49035980,0.99996203,-0.00043414,0.00870323,0.01225032,0.00030700,0.99989330,0.01460464,0.00838278,-0.00870864,-0.01460142,0.99985547,0.02284652,0.00000000,0.00000000,0.00000000,1.00000000,2.66790931,21.11596850,2.86358851,46.39525778,5836.17748685,1,1,0,0,0,0,1
ME-TSVD,0,25,0.14566587,0.17693732,0.61371100,0.96624876,0.02909811,0.06171665,0.34814494,0.00009628,-0.00011885,0.00006590,0.00139695,0.00103207,0.00108203,-370.92569065,228.94203636,8.29255439,21.26305132,30.83873531,0.51644460,5.50827845,0.99996303,-0.00049921,0.00858443,0.01365618,0.00037463,0.99989468,0.01450833,0.00943097,-0.00859076,-0.01450458,0.99985790,0.02390116,0.00000000,0.00000000,0.00000000,1.00000000,2.67777308,20.96513421,2.93411636,46.28102721,5834.08778823,1,1,0,0,0,0,1
ME-TSVD,0,26,0.14527740,0.17733404,0.58594400,0.97436863,0.02724420,0.06171589,0.34998576,-0.00009613,0.00011882,-0.00006593,-0.00139719,-0.00103210,-0.00108300,-368.64237772,228.05173879,9.50205560,21.41738475,30.73040409,0.51333836,5.49029176,0.99996203,-0.00043412,0.00870320,0.01225026,0.00030698,0.99989330,0.01460449,0.00838274,-0.00870861,-0.01460126,0.99985547,0.02284529,0.00000000,0.00000000,0.00000000,1.00000000,2.66790447,21.11579929,2.86360576,46.39484753,5836.14749795,1,1,0,0,0,0,1
ME-TSVD,0,27,0.14566472,0.17693732,0.59176400,0.96624134,0.02909674,0.06171619,0.34814269,0.00009626,-0.00011884,0.00006590,0.00139683,0.00103191,0.00108177,-370.92477319,228.94305866,8.29242182,21.26310211,30.83863026,0.51644375,5.50821578,0.99996303,-0.00049919,0.00858441,0.01365600,0.00037461,0.99989468,0.01450820,0.00943077,-0.00859075,-0.01450444,0.99985790,0.02389967,0.00000000,0.00000000,0.00000000,1.00000000,2.67777260,20.96495252,2.93413067,46.28056992,5834.05274778,1,1,0,0,0,0,1
ME-TSVD,0,28,0.14527628,0.17733404,0.59628900,0.97436128,0.02724350,0.06171543,0.34998353,-0.00009613,0.00011882,-0.00006594,-0.00139720,-0.00103212,-0.00108218,-368.64136945,228.05250673,9.50191528,21.41740775,30.73028655,0.51333373,5.49022897,0.99996203,-0.00043409,0.00870318,0.01225008,0.00030695,0.99989330,0.01460435,0.00838253,-0.00870859,-0.01460113,0.99985547,0.02284462,0.00000000,0.00000000,0.00000000,1.00000000,2.66790478,21.11561776,2.86362049,46.39440216,5836.11411644,1,1,0,0,0,0,1
ME-TSVD,0,29,0.14566358,0.17693732,0.60767200,0.96623325,0.02909572,0.06171569,0.34814025,0.00009628,-0.00011885,0.00006590,0.00139687,0.00103207,0.00108130,-370.92365422,228.94404995,8.29222172,21.26314137,30.83848680,0.51644105,5.50815164,0.99996303,-0.00049916,0.00858439,0.01365586,0.00037457,0.99989468,0.01450805,0.00943071,-0.00859072,-0.01450429,0.99985790,0.02389853,0.00000000,0.00000000,0.00000000,1.00000000,2.67777102,20.96477515,2.93414662,46.28012358,5834.02025214,1,1,0,0,0,0,1
Ours,0,0,0.31669773,0.05170590,0.98103100,2.41237747,0.78527393,0.02699652,0.76736344,0.03422220,-0.00921189,-0.01426251,-0.12247351,-0.25354587,-1.05963507,-11.53098942,58.00713490,10.00087886,4.90875050,1.81945118,0.28048504,3.71012454,0.99976454,-0.02071772,-0.00645221,0.08453630,0.02047148,0.99913705,-0.03613957,0.54411842,0.00719537,0.03599897,0.99932592,-0.55986060,0.00000000,0.00000000,0.00000000,1.00000000,7.09889815,26.80557587,13.65817741,85.29248112,14845.67227786,0,0,0,1,0,0,1
Ours,0,1,0.15691844,0.08595610,0.65470900,1.49174862,0.77281577,0.02953223,0.70558329,-0.01529302,0.00326675,-0.00533280,-0.04114496,-0.30123493,-0.15927394,-36.26121243,-12.62432369,-3.59346924,-1.22390051,8.83510307,-0.39425454,2.76510520,0.99987680,-0.01530995,-0.00346146,0.05066960,0.01523475,0.99966764,-0.02079702,0.24805724,0.00377871,0.02074172,0.99977773,-0.73016738,0.00000000,0.00000000,0.00000000,1.00000000,2.63682155,10.41037396,7.70683375,41.81387360,8322.51501524,0,0,0,1,0,0,1
Ours,0,2,0.11225592,0.10671780,0.66771400,0.57923592,0.24738271,0.03333041,0.36042613,-0.01556256,0.00382338,-0.00661220,-0.05337662,-0.18420670,0.49263382,84.11132104,-1.09802315,9.89406364,1.54615332,1.81822767,-0.84030571,2.25135763,0.99996238,-0.00867254,0.00017509,-0.00158549,0.00867333,0.99994891,-0.00519134,0.05285327,-0.00013006,0.00519267,0.99998651,-0.24166552,0.00000000,0.00000000,0.00000000,1.00000000,3.06971426,14.76823971,14.33832541,58.37644252,11721.40683497,0,0,0,1,0,0,1
Ours,0,3,0.06720130,0.18725205,0.65394600,0.12256376,0.08691692,0.10797683,0.10409189,-0.00643993,-0.00082628,-0.00707153,0.00721443,-0.06292379,0.32789676,78.10935689,6.46459251,43.09062954,-1.28174627,-0.30990681,-1.46781612,1.08628485,0.99999849,-0.00159946,-0.00068426,0.00623178,0.00160031,0.99999795,0.00124422,-0.01170696,0.00068227,-0.00124531,0.99999899,0.08589914,0.00000000,0.00000000,0.00000000,1.00000000,2.63349586,21.60657922,8.77514609,65.12459203,10054.12382351,0,0,0,1,0,0,1
Ours,0,4,0.03611498,0.20312087,0.66472600,0.03516534,0.01528875,0.02133782,0.01833237,0.00099455,0.00013027,-0.00169086,-0.00112018,0.00749485,-0.07215186,-38.40589096,-7.27721992,20.83197892,-0.21367582,0.93352385,0.95915957,0.43722857,0.99999984,0.00009079,-0.00055324,0.00514899,-0.00009065,0.99999996,0.00024977,-0.00430370,0.00055326,-0.00024972,0.99999982,0.01373725,0.00000000,0.00000000,0.00000000,1.00000000,2.08546360,13.16019042,4.89260379,34.09500419,5150.15274220,0,0,0,1,0,0,1
Ours,0,5,0.03159402,0.20616239,0.64696600,0.04650597,0.02414953,0.03227154,0.02887344,0.00035576,-0.00017526,-0.00025112,0.00273051,0.00374077,0.00908480,-7.28571047,-0.42302824,4.73940927,-0.43906888,-0.03185589,-0.11661843,0.33738452,0.99999968,0.00034168,-0.00072858,0.00787481,-0.00034176,0.99999994,-0.00010595,-0.00056090,0.00072854,0.00010620,0.99999973,0.02282263,0.00000000,0.00000000,0.00000000,1.00000000,2.12662303,11.65726257,4.84914611,26.83426877,4568.88474085,0,0,0,1,0,0,1
Ours,0,6,0.03147440,0.20642687,0.62653100,0.05120795,0.02566537,0.03536969,0.03220825,0.00003903,-0.00003026,-0.00010764,0.00030594,0.00061331,0.00150399,0.01455716,0.64345124,1.74549510,-0.02946530,-0.07615195,-0.02506111,0.33813262,0.99999961,0.00044929,-0.00075885,0.00817986,-0.00044940,0.99999989,-0.00014496,0.00005215,0.00075879,0.00014530,0.99999970,0.02432691,0.00000000,0.00000000,0.00000000,1.00000000,2.02216206,11.68132264,4.60370849,25.69775103,4490.71798585,0,0,0,1,0,0,1
Ours,0,7,0.03151275,0.20603015,0.65283100,0.05159421,0.02583969,0.03576608,0.03269781,0.00000166,0.00000523,-0.00002122,-0.00006729,0.00001700,0.00020625,-0.05936661,-0.01509361,0.30805906,0.00285179,0.00074963,-0.00296752,0.33802108,0.99999961,0.00047051,-0.00075362,0.00811243,-0.00047062,0.99999988,-0.00014663,0.00006915,0.00075355,0.00014699,0.99999971,0.02453311,0.00000000,0.00000000,0.00000000,1.00000000,2.01500504,11.68145411,4.57930878,25.78261254,4476.36025742,0,0,0,1,0,0,1
Ours,0,8,0.03161585,0.20629463,0.66707000,0.05083366,0.02697906,0.03618264,0.03291190,0.00001534,-0.00000074,0.00003257,-0.00013530,0.00014297,0.00123913,-0.26222294,0.73941905,-0.48956837,0.07311635,0.00656925,-0.01834182,0.34124151,0.99999962,0.00043793,-0.00075437,0.00797626,-0.00043805,0.99999989,-0.00016197,0.00021200,0.00075430,0.00016230,0.99999970,0.02577216,0.00000000,0.00000000,0.00000000,1.00000000,2.01056938,11.69751088,4.55890001,25.70723058,4456.52368920,0,0,0,1,0,0,1
Ours,0,9,0.03157087,0.20655911,0.66770600,0.05071930,0.02711978,0.03621682,0.03291520,0.00000223,-0.00000044,0.00000567,0.00001765,0.00003885,0.00014150,0.04487988,-0.04075157,-0.07836063,-0.00436075,-0.00724324,-0.00198355,0.34119574,0.99999962,0.00043226,-0.00075482,0.00799381,-0.00043238,0.99999989,-0.00016421,0.00025082,0.00075474,0.00016453,0.99999970,0.02591367,0.00000000,0.00000000,0.00000000,1.00000000,2.00980486,11.73617517,4.56881202,25.73413645,4468.50274363,0,0,0,1,0,0,1
XICP,0,0,0.51771549,0.83364189,6.42820600,2.02486118,0.03612254,0.04485293,0.54689244,0.01696208,-0.00681314,0.00018531,-0.21729184,-0.75862424,-0.50054575,-7957.38247477,7644.13136956,7.90247237,317.05090544,954.00088846,1300.96675793,844.82845563,0.99937560,-0.03533277,0.00009132,0.00839786,0.03533278,0.99937559,-0.00013243,0.03509952,-0.00008659,0.00013558,0.99999999,-0.00152904,0.00000000,0.00000000,0.00000000,1.00000000,nan,nan,49.50942372,4.20929461,1366.00655490,0,0,1,0,0,0,1
XICP,0,1,0.35864757,1.76408358,5.40107700,2.09752424,0.00454347,0.04376217,0.54833724,0.00000432,-0.00015295,0.00134003,-0.00737638,-0.03405273,-0.00234280,-419.00045343,342.60323181,-41.68419918,14.75509331,54.22046320,7.30508672,13.12081392,0.99932998,-0.03660051,-0.00003233,0.00222850,0.03660051,0.99932998,-0.00000744,0.00081007,0.00003258,0.00000625,1.00000000,-0.00387565,0.00000000,0.00000000,0.00000000,1.00000000,nan,nan,39.71145471,2.26697049,1105.20949142,0,0,0,0,0,0,0
XICP,0,2,0.29237793,2.68936789,5.32776700,2.23365801,0.00407734,0.04469756,0.55115704,-0.00000566,-0.00002372,0.00237806,-0.00063402,-0.00113338,0.00015715,-2.60788240,38.02847468,-96.11008259,1.08852015,0.75728671,-0.20818948,11.30346636,0.99924019,-0.03897477,-0.00005431,0.00163728,0.03897477,0.99924019,0.00000168,-0.00034190,0.00005420,-0.00000379,1.00000000,-0.00371849,0.00000000,0.00000000,0.00000000,1.00000000,nan,nan,40.09177548,2.25992263,1103.74421170,0,0,0,0,0,0,0
XICP,0,3,0.25385522,3.61438773,5.47221300,2.43216693,0.00339018,0.04385451,0.55457272,-0.00000011,0.00001216,0.00346485,-0.00185901,0.00034377,0.00033722,9.54200164,-6.35139958,-151.89758244,2.76389487,-1.61008690,-0.69556068,11.41812836,0.99909916,-0.04243656,-0.00003576,-0.00023354,0.04243656,0.99909916,0.00000140,-0.00007166,0.00003567,-0.00000292,1.00000000,-0.00338136,0.00000000,0.00000000,0.00000000,1.00000000,nan,nan,37.20144228,2.23732986,1103.50214984,0,0,0,0,0,0,0
XICP,0,4,0.22798494,4.53715948,5.42815900,2.62338341,0.00373223,0.04486341,0.55660898,0.00002062,0.00002382,0.00333760,0.00048170,0.00111052,-0.00019206,-13.29224965,-48.23994878,-160.00047823,-1.08488854,-2.48519377,1.29086338,10.99683973,0.99895197,-0.04577067,-0.00001256,0.00019699,0.04577067,0.99895197,-0.00002199,0.00105905,0.00001355,0.00002139,1.00000000,-0.00357339,0.00000000,0.00000000,0.00000000,1.00000000,nan,nan,33.95146127,2.21703683,1095.99611027,0,0,0,0,0,0,0
XICP,0,5,0.20902081,5.45821211,5.20875700,2.79364160,0.00369042,0.04397355,0.55814963,0.00005164,0.00004687,0.00297122,-0.00014884,0.00051855,0.00023378,-75.31841705,-75.74313764,-138.77770801,-0.01621382,-0.88897815,-0.25757870,9.97843467,0.99881156,-0.04873886,0.00003728,0.00001974,0.04873886,0.99881155,-0.00007343,0.00157047,-0.00003366,0.00007516,1.00000000,-0.00333952,0.00000000,0.00000000,0.00000000,1.00000000,nan,nan,34.75998820,2.19644868,1090.74854224,0,0,0,0,0,0,0
XICP,0,6,0.19440995,6.38085163,5.17497500,2.85960851,0.00425899,0.04442318,0.55875751,-0.00000301,-0.00003203,0.00115222,0.00056838,0.00033181,-0.00041405,6.92439235,42.37898525,-55.62365307,-0.35867040,-0.88918835,1.67401225,10.20156762,0.99875478,-0.04988881,0.00000331,0.00056916,0.04988881,0.99875478,-0.00007255,0.00193027,0.00000031,0.00007262,1.00000000,-0.00375355,0.00000000,0.00000000,0.00000000,1.00000000,nan,nan,33.73924023,2.18854556,1088.92098737,0,0,0,0,0,0,0
XICP,0,7,0.18270520,7.30230098,5.26401800,2.86096893,0.00419690,0.04442540,0.55876824,0.00001636,0.00000271,0.00002396,0.00018619,0.00015817,0.00019600,-23.74994076,-6.46075296,-1.18533827,-0.33338959,-0.04617079,-0.69976561,9.80693016,0.99875359,-0.04991250,0.00000605,0.00074717,0.04991250,0.99875359,-0.00008976,0.00209760,-0.00000156,0.00008995,1.00000000,-0.00355750,0.00000000,0.00000000,0.00000000,1.00000000,nan,nan,33.74710389,2.18708382,1091.16141333,0,0,0,0,0,0,0
